45591
45605
358111
427023
113427
363565
440953
235011
100487
460641
66757
208992
196543
232358
435083
254989
463715
469957
463756
109115
367312
424709
364346
64565
101420
439942
105143
197718
230279
103267
372459
212369
451082
358275
445285
54874
438492
255907
455373
238558
438704
64203
112555
371700
460932
101229
213954
207060
451351
208750
115332
428696
247841
207376
439779
199447
237243
65763
467912
451652
235436
250523
119062
57500
470147
42376
197873
197490
223128
447124
45929
457600
105762
466851
112592
79493
244459
119137
448967
454995
213006
223608
202568
457398
246376
194783
240876
101939
214195
119497
98532
458590
105039
237532
423905
97705
95940
248313
217242
449004
114102
222436
122263
436484
196195
109460
56545
213128
115922
205394
452668
462990
357839
220605
110478
102030
207027
199722
459252
451764
455292
237375
450994
114677
222486
436340
43702
251736
358226
445986
449816
215521
439522
208941
212500
228231
113060
444128
449623
219272
217027
99044
470552
100482
452872
115308
237576
112089
214231
216564
201823
253407
421426
249317
250847
96540
213033
226258
248604
225234
112805
54949
232336
101295
241042
116665
106349
78573
370468
107836
206408
317798
208657
119914
225666
236929
201325
466318
72273
77941
425400
214991
470725
463153
456430
458589
424741
453825
117048
100056
442573
453362
95380
195047
436335
454252
452228
461557
49162
242726
49132
254844
220681
241711
53301
120809
64238
357167
452166
227847
457237
104304
372453
251168
432054
558132
121002
238504
465563
120478
97731
102306
252339
195048
95469
113713
312577
248598
112576
213147
231619
61581
374243
208373
466149
59118
215697
247388
248628
250495
65194
56235
440179
453474
213684
124279
312073
241203
226914
362174
241105
451287
225440
203578
458469
255000
96624
250520
251320
242299
466145
234965
440751
206468
217232
217769
459830
231080
230091
452683
454052
116663
308811
240697
53066
104580
214035
225179
254651
464156
50188
108888
354409
218558
432137
221637
225276
243297
115873
200372
353504
351793
99474
118354
446886
99442
231977
449056
46418
452238
200328
422325
216540
255944
103691
448671
456556
113377
197529
234847
75075
221579
215075
217892
239808
255991
223383
238736
204564
114738
59582
461785
67081
468825
237705
236494
95733
460980
449286
116813
310322
228163
196857
70861
216846
196439
205386
119578
203352
119352
229802
354021
222607
425873
195046
58950
445938
236900
41159
239912
226054
251479
100937
119246
256219
464321
218345
201200
369279
195965
443348
450693
219537
102397
248844
207498
245141
65618
433672
351545
373405
120403
70700
439890
239086
465823
234076
235900
252180
214786
106166
117585
107929
216589
433367
108015
194694
230373
631974
463135
230256
222597
97396
353653
238878
48144
230839
370464
196554
251701
350586
355805
237412
77468
100526
436330
107040
469617
68047
120154
77336
223092
357715
118036
371421
104739
119685
245889
449271
111046
236117
452286
196346
113825
124914
444699
67178
197098
109030
249435
206407
368716
257439
122347
433818
446156
99551
250739
471518
111199
222694
443806
197111
237267
105303
234940
223651
101837
69905
456896
68427
462543
242079
107595
211558
458479
453992
57648
206881
233398
101509
241694
450258
427068
201234
107004
353986
45038
218107
414354
69058
215362
255177
218706
106258
197172
116687
104459
462569
49107
255303
56641
232031
201010
117924
465913
439435
437054
219019
257286
105898
241660
99883
232614
41775
372910
426194
464823
443529
195676
64263
203088
123694
97000
250838
248473
250014
240067
73553
206984
196018
114408
66076
119501
444998
226029
237490
104884
109922
216990
208880
209978
51489
205414
68285
455511
210350
101573
239659
104285
97682
208127
468596
442273
244510
452777
453479
49352
215531
114078
64239
253761
57979
458464
453773
232993
358547
449279
424605
448027
541704
214236
52888
117907
111272
373282
62827
231881
452805
61926
73048
469461
68255
66117
457016
117245
100015
94744
452602
117348
222215
231170
467655
208785
96932
96009
451568
207497
238086
453125
42008
211535
228333
233304
209140
456722
51731
119625
248291
111823
222780
94749
211140
62849
312520
120510
59140
450766
443364
219399
233788
248145
237965
70809
213199
76705
108212
448672
59740
471033
112003
417689
421081
360036
95035
101062
252020
97305
112374
238764
244186
69148
118644
99989
433476
195575
106144
462499
225624
468221
106529
360949
201506
521936
210276
72078
356176
446177
240366
465367
197216
437324
222646
73706
431385
214923
106400
428803
247461
102532
48410
254850
355317
106031
73025
203922
233064
108210
242080
97310
455273
349920
119128
219896
120475
57356
241468
367380
310659
115044
118766
467877
367781
467343
455658
369783
208864
209507
440504
349791
73234
214098
452061
463740
65626
53240
204809
63427
373363
435460
216558
103914
217235
231749
227493
52343
237175
222312
67124
360896
248633
121393
208287
373200
71654
104301
74243
351461
233699
455870
470635
459103
237344
226938
98207
360098
199735
248456
204146
216877
61121
205282
233403
369737
427509
212582
204276
215981
53652
218094
119584
237798
241766
218945
116254
236162
205471
111533
316995
59827
119240
458678
430351
369159
463290
200459
104822
200695
98648
247688
229569
206208
46871
57736
250082
115005
202754
96119
220952
99562
111991
100287
373434
441138
105271
114073
238830
109849
470963
370982
354750
434451
72721
106628
104985
243200
254647
201022
368938
236165
71327
449980
466281
100296
212236
232266
359015
111252
454163
360200
447453
237584
459338
352110
70214
204691
104415
459590
98927
102068
231900
120513
115969
99991
373238
53510
242970
457455
118841
63546
63199
115519
240843
470080
45581
239391
78465
237953
114097
464209
435374
112291
461719
450753
469524
111701
206526
439607
228972
97978
251719
241855
366927
232861
45796
199538
207496
105874
255375
200531
250373
443316
108334
110469
209826
65371
240384
203341
241925
102039
248969
445937
457724
237054
443703
448849
67906
232015
208884
115794
233947
200050
217923
223545
212183
313977
123423
444618
420248
454149
370338
371912
454873
240194
124570
53837
354743
109758
63314
450308
431656
195845
231261
223328
447936
51588
211202
225993
436569
107847
197634
428161
248192
67686
441463
425771
56054
365435
447975
46720
461169
469180
227252
466304
111377
122538
251562
467234
47921
242078
99210
58010
251458
96988
452681
72279
420637
107830
206225
238403
198627
357137
113587
448702
111120
222641
238007
457453
118837
204716
457899
466071
204912
451301
198134
471542
123728
70936
103101
198355
236787
415168
99886
459303
238228
48753
367461
217521
459226
122012
436206
444035
232618
113874
222740
253606
41925
234108
461647
193859
202113
50082
452937
205610
75031
211996
45607
248231
70516
200242
103749
111408
447800
463859
205413
111834
118232
458873
469274
119430
255597
365741
220878
438601
104897
226295
470006
76767
207307
58134
631893
366662
244600
57302
95606
67182
242180
117239
238226
98874
458297
111973
218548
67092
366377
448827
226580
440560
196388
465021
107867
198946
434219
361171
114012
120995
205539
205828
196693
218530
315150
463946
104135
124527
469716
207337
248081
63309
256887
95724
56341
237370
74202
213004
465808
250938
72909
441662
101924
113389
123906
467585
373820
232632
95428
104578
436025
107439
120876
62204
220736
58974
204205
240404
260496
452604
241719
372555
470970
452438
315812
63977
193880
99923
226145
110115
357136
425376
64857
235093
233028
366828
447738
450978
102051
122630
455468
202353
231716
119667
120189
205689
66911
95950
469467
240280
257958
98742
436986
357722
310752
99592
113818
117887
464205
200616
251929
359713
117387
357216
195756
260160
231940
447494
213481
196709
434757
105753
355844
227462
106021
116501
358643
204434
47610
249834
56275
47653
45312
209864
459346
98553
231703
456593
198445
99357
217563
459352
446063
196356
424894
116225
252286
120421
58316
466749
451572
194383
369121
119243
449983
221303
231720
231735
458874
446151
103532
428568
44604
436153
213843
198408
349342
119021
115173
458451
467836
74696
201983
120984
77860
114489
56200
119371
453732
365822
205498
471787
445572
70896
198810
234286
446571
114669
201907
76098
219061
122524
253647
458955
434044
463440
251868
78591
242716
242133
101141
42351
220384
238699
310539
453190
460586
236637
61213
227199
196824
124917
457319
221620
371273
104089
104054
110977
106164
432184
208496
102072
103542
215983
118482
257014
358402
440748
224556
111583
45392
232825
215476
251835
235486
113128
125224
114691
214397
219846
216405
122925
316009
444605
114126
244355
310482
229870
219264
103422
43373
252432
453446
116733
439114
243966
102487
210623
469011
96197
58926
102467
363478
223176
244364
248933
453547
452715
214914
459228
457705
251296
233842
235683
465008
228712
219605
196318
210986
234772
243560
100366
62301
252907
220893
116619
97296
107541
237239
218669
461636
356758
451394
213561
117743
314641
310327
212580
241180
61649
238380
115713
111791
57780
250946
237036
459623
424057
213143
454682
97694
102226
456109
71123
251619
451186
350751
117850
248356
200329
237766
246340
206748
213127
200095
218015
244291
232810
214399
247868
114573
111554
112128
237013
454304
103855
462868
441344
107018
222770
231614
442375
422528
74327
55432
61017
205733
247499
198886
108579
117966
357672
224443
111356
461009
252681
122017
218228
198499
114993
194958
205550
194075
207904
109080
75916
119402
470014
209391
224769
198908
116972
458688
451635
631975
233445
65966
234101
469373
223715
61089
456686
215482
245827
459948
205022
107869
44961
55990
121139
368832
447001
226679
464680
238996
369957
59853
461298
218998
258872
67602
47691
249856
253206
445677
105723
216403
56023
370039
119076
225742
242121
205521
193798
452053
123131
469837
353359
558177
252876
232135
71168
236628
434768
57844
199468
461099
56556
211850
424460
430735
105798
233686
253218
108135
206506
429736
61414
71166
257760
249207
219475
239268
196567
244019
235536
205454
222099
227896
215410
249569
59665
465522
252190
207393
232417
256837
196229
444630
113680
77420
201145
50574
257013
201086
206827
316803
467867
229517
447511
209254
95967
449313
61619
425453
230246
116107
216781
358342
315105
119919
228303
67061
44801
216310
254305
102362
415294
243677
117151
215344
94825
468126
367177
366471
424886
456124
118296
67671
449680
461390
466267
234569
114853
118746
117465
455063
467789
465507
249102
209760
372689
217875
356724
97481
120241
103784
247062
98817
103666
374182
351232
449519
448099
199482
459397
98545
461551
204762
57333
239455
121743
239707
423017
470353
369768
51576
353968
121479
47741
243563
110727
445311
441752
103776
120833
